#PortLongitudes
LB=-118.216458
SY=151.233333
HK=114.173619
SI=103.84
LA=-118.262015
PO=-123.11267
AN=-149.886111
SH=113.883333
NI=121.55
HO=-157.869