#PortLatitude.properties
LB=33.754185
SY=-33.858333
HK=22.287753
SI=1.264
LA=33.729186
PO=49.28795
AN=61.240278
SH=22.5
NI=29.866667
HO=21.306
